547027717
517346812
2034066228
758917403
1219412688
1232603895
1746404303
10633325
473150574
109752377
2067231113
1962875025
396759961
407940592
1489728520
355395267
976230162
725269654
489894406
202979044
1264761072
1046199098
2019622097
662059797
1126233072
678376446
482245999
505221415
105981667
969933906
130793765
1375037474
1183300151
2027066637
1228392051
1824902546
775644168
1025794286
525846686
1010044197
2102073091
1288963640
1944350191
435003738
1073490178
1139303199
1304668941
1762855517
1628280207
1121325328
1945785271
932073181
1608231849
1323505001
512936181
919035009
1519007039
665708937
180303289
257952306
1782407296
1670031869
614355993
379799575
970058141
71327763
509837715
382724475
736728560
1953682965
524630125
2038139940
506318283
1361172967
90764878
771915176
629651505
1900915766
577062743
657371749
1791105275
1828076926
440357653
862426409
1433522460
592949527
1378578209
562891180
846597225
1680399200
911912703
2073494329
2002047634
1640803442
1145938567
1156149273
968793255
287225231
1998702608
1255526282
552658062
657274759
160994345
2561195
96331425
1987073784
1230893191
911889586
1684966910
372003381
935928050
1972505722
1198610915
1657039545
1295698519
1320828253
621989132
1968431575
1443898990
1045113830
959391997
1194071903
531792506
9709528
2126763571
1797517129
70441107
640195852
878613094
752714086
39478925
2097329199
1015265735
1813632730
342407592
1735708431
633738969
1879446510
520529847
1844244298
1582439335
1620418897
2140274272
1238602254
1629092607
1890430246
440587157
424732843
249249673
1546142461
1464213327
1018275916
866137269
1524920717
1272647321
446399927
1483194118
53366850
1435967151
878681871
1908649125
1702608636
523748977
113587386
2097717966
1106821763
850020427
1232096745
1812668841
1322194345
2107060906
1367308112
124931837
1637861340
1090154134
2037537581
1119888805
1424463327
807440133
697149938
328229934
1822495242
1118275133
73281787
1138864378
371855335
595202575
590850299
456591565
975362224
1170221217
1252754893
1121811463
1526321628
1195438381
2023351782
1069849829
85499672
326427461
1593102589
